100
1000
93 41 0.2353
43 53 0.8475
75 58 0.4246
70 42 0.6224
98 97 0.9538
22 29 0.4031
9 0 0.1389
63 40 0.045
86 6 0.1518
24 36 0.706
10 24 0.6806
66 56 0.8473
98 72 0.5229
31 51 0.1765
83 28 0.1025
89 14 0.711
11 32 0.6006
31 41 0.0862
16 83 0.0176
27 52 0.0304
71 98 0.1234
16 88 0.9392
1 26 0.1314
34 45 0.199
58 43 0.2016
25 59 0.4062
7 24 0.8107
23 98 0.6195
82 5 0.9657
18 20 0.6937
72 90 0.3524
36 54 0.4816
72 3 0.4355
37 44 0.9652
50 21 0.1853
97 58 0.0554
67 34 0.8849
45 95 0.0915
65 14 0.3115
61 47 0.349
25 81 0.4137
70 26 0.6615
42 52 0.3654
57 16 0.7329
46 85 0.2842
82 85 0.4635
40 27 0.9737
79 51 0.7808
89 96 0.7466
25 52 0.9592
39 73 0.4908
24 11 0.5406
24 72 0.3158
67 56 0.848
54 38 0.6841
61 90 0.9746
41 73 0.3579
27 76 0.2193
21 53 0.6133
11 70 0.3581
32 23 0.037
94 47 0.3449
63 68 0.1499
55 26 0.0441
47 24 0.5086
6 53 0.5834
40 22 0.3807
75 99 0.1535
46 13 0.3296
56 69 0.7257
48 46 0.9687
0 58 0.766
61 70 0.4285
6 48 0.2531
88 60 0.9589
56 60 0.7917
44 74 0.8428
13 2 0.421
91 40 0.1743
1 45 0.4673
72 85 0.2926
29 22 0.4168
92 54 0.0913
92 43 0.5998
53 11 0.5296
32 36 0.9425
86 42 0.003
31 47 0.6151
39 35 0.632
51 71 0.7435
56 25 0.6465
50 12 0.4787
2 80 0.2173
2 30 0.692
90 51 0.4476
17 33 0.7158
47 92 0.0499
25 39 0.1999
77 47 0.7384
99 76 0.9639
43 59 0.6009
32 23 0.7909
29 18 0.279
46 13 0.663
86 97 0.1487
68 76 0.8786
25 70 0.4295
13 84 0.9221
3 99 0.4932
77 27 0.3581
35 50 0.2199
15 50 0.7375
57 69 0.0727
68 91 0.913
5 70 0.3238
28 68 0.9203
32 40 0.3586
94 2 0.1706
91 54 0.3042
35 1 0.797
65 40 0.0021
3 2 0.8082
88 81 0.7645
18 65 0.1857
84 25 0.599
41 98 0.9072
6 37 0.9668
20 70 0.1594
59 97 0.5502
63 91 0.0783
12 23 0.4851
73 25 0.2684
8 59 0.0727
67 96 0.2987
22 60 0.3915
7 19 0.2029
77 7 0.2502
66 49 0.2818
46 89 0.1588
69 52 0.5643
63 76 0.1965
11 16 0.6574
49 91 0.7398
35 43 0.9607
71 96 0.2023
46 6 0.327
21 23 0.3917
65 2 0.9027
4 53 0.734
98 44 0.7253
12 21 0.7519
70 64 0.5495
20 88 0.283
17 23 0.0117
42 94 0.2538
25 56 0.1862
68 53 0.9174
61 86 0.1872
97 2 0.7085
14 46 0.0292
68 92 0.1538
69 48 0.8484
48 47 0.0608
44 76 0.109
68 0 0.1343
74 49 0.5505
62 30 0.2811
49 67 0.1452
84 52 0.9675
15 40 0.0935
95 24 0.1936
51 21 0.3322
74 41 0.779
68 83 0.0657
24 56 0.1276
40 50 0.0841
13 87 0.5392
33 18 0.9469
42 30 0.0686
57 8 0.6312
27 93 0.8902
59 21 0.9889
29 81 0.2723
91 63 0.2472
74 16 0.7271
52 84 0.9042
28 89 0.3503
85 94 0.511
51 23 0.6199
20 80 0.1262
14 18 0.6177
92 97 0.2594
31 9 0.084
27 98 0.1853
5 78 0.6954
8 38 0.5983
13 21 0.4281
53 82 0.9407
14 93 0.647
18 42 0.485
22 9 0.4998
11 96 0.7552
11 5 0.0787
21 46 0.6431
31 1 0.8152
44 54 0.4992
89 74 0.4442
60 79 0.5129
42 61 0.7396
66 95 0.0207
8 55 0.0393
6 59 0.8879
76 80 0.3296
27 0 0.7558
11 52 0.5276
15 23 0.5733
40 62 0.8291
60 75 0.2079
89 49 0.2122
86 4 0.6028
79 50 0.3029
8 24 0.7925
37 54 0.6572
12 56 0.5865
97 88 0.5785
17 47 0.9688
56 7 0.401
81 93 0.2216
48 4 0.1003
80 28 0.8019
37 39 0.9149
51 80 0.122
75 15 0.2325
32 97 0.7584
90 59 0.992
65 53 0.657
36 87 0.2732
40 20 0.0224
18 46 0.3365
57 79 0.2737
54 73 0.4931
64 31 0.3102
79 45 0.8723
63 26 0.714
38 46 0.1282
17 13 0.6706
95 48 0.2449
21 51 0.6062
65 75 0.6215
95 50 0.1223
2 75 0.2265
51 54 0.4953
48 19 0.8185
85 83 0.7658
69 48 0.9722
38 96 0.4085
37 94 0.7377
34 86 0.3257
68 7 0.7352
29 20 0.526
85 68 0.0197
95 43 0.127
7 92 0.872
23 37 0.246
71 51 0.6092
83 55 0.9738
28 88 0.4593
61 21 0.3229
87 72 0.6433
65 62 0.2552
7 34 0.0117
39 59 0.624
81 80 0.4726
0 1 0.8079
31 94 0.86
63 45 0.5391
29 38 0.5295
27 17 0.2649
19 24 0.2043
17 66 0.529
62 67 0.1905
51 81 0.3579
83 8 0.4075
91 39 0.8219
42 15 0.6301
28 25 0.4547
53 29 0.3706
78 1 0.4496
9 84 0.715
20 19 0.9364
79 82 0.777
29 87 0.8427
93 14 0.4395
70 88 0.6599
73 20 0.0038
2 98 0.1615
60 34 0.3095
89 5 0.8346
64 26 0.9416
71 39 0.2041
14 20 0.202
92 58 0.1261
41 47 0.9155
56 82 0.8718
86 87 0.6276
95 35 0.9459
70 26 0.0458
65 17 0.526
44 94 0.6125
64 50 0.5301
75 50 0.9964
7 93 0.0666
68 33 0.6529
90 38 0.2176
83 92 0.6291
57 49 0.6465
59 93 0.5877
40 72 0.5889
44 33 0.5292
42 13 0.1538
9 88 0.2678
16 97 0.3057
32 45 0.6592
51 11 0.9831
34 97 0.0783
90 54 0.552
61 11 0.7376
84 68 0.5538
80 79 0.9898
72 67 0.3753
95 85 0.5732
66 98 0.7368
18 9 0.799
75 86 0.1927
79 86 0.1789
47 17 0.221
35 91 0.4004
51 68 0.5585
57 80 0.6364
3 58 0.631
42 80 0.9043
33 59 0.8498
46 78 0.2648
10 89 0.9818
18 61 0.0005
68 17 0.8674
48 3 0.206
50 12 0.6996
69 76 0.4205
87 10 0.2258
5 44 0.2855
34 24 0.4735
48 32 0.8235
60 50 0.0902
79 56 0.215
51 73 0.9446
5 92 0.5683
19 72 0.4149
30 4 0.0891
20 70 0.8717
78 92 0.4162
64 16 0.0586
46 38 0.508
29 33 0.6063
17 34 0.5124
69 15 0.9447
17 65 0.8728
49 35 0.1454
39 65 0.6337
78 70 0.2151
83 34 0.0586
99 67 0.5349
6 69 0.4698
90 52 0.3172
42 0 0.6021
22 25 0.3456
84 93 0.5837
85 3 0.1339
47 25 0.5762
21 18 0.235
73 35 0.3327
27 69 0.7935
39 20 0.3278
39 23 0.941
29 71 0.9927
91 11 0.5384
4 0 0.0472
77 19 0.9213
78 3 0.7749
35 5 0.0013
87 62 0.7163
7 97 0.9984
31 91 0.9037
92 7 0.8675
63 32 0.0339
6 16 0.0301
59 37 0.6675
55 84 0.8584
46 12 0.9468
62 15 0.0332
67 49 0.0844
56 28 0.0998
19 29 0.9027
0 21 0.117
23 0 0.0187
11 47 0.0339
94 67 0.0122
12 75 0.0296
57 85 0.837
20 22 0.8954
81 0 0.0333
26 50 0.1492
24 71 0.9753
46 25 0.372
92 95 0.9338
89 28 0.3468
27 14 0.8039
75 60 0.9994
94 38 0.0297
27 89 0.1043
97 52 0.2657
39 48 0.8397
6 32 0.0243
69 39 0.0132
33 97 0.3688
75 14 0.2217
61 26 0.6546
66 8 0.7821
53 92 0.7189
18 43 0.9195
53 30 0.5168
48 49 0.319
93 59 0.5494
94 70 0.3852
69 30 0.7434
86 56 0.8203
9 29 0.9988
15 28 0.1195
37 44 0.9048
77 3 0.0843
18 85 0.7726
65 30 0.4559
23 97 0.3975
4 22 0.4656
59 50 0.4247
73 90 0.9991
60 93 0.0777
1 39 0.9028
95 78 0.108
48 38 0.1216
14 90 0.9109
85 9 0.0843
83 92 0.4131
22 75 0.5666
24 72 0.5157
12 52 0.6198
32 53 0.831
76 96 0.5121
53 18 0.6003
43 55 0.7418
67 73 0.8928
43 66 0.147
2 87 0.4024
14 67 0.6615
34 38 0.9032
88 52 0.0449
90 59 0.0755
73 59 0.67
57 7 0.0593
79 56 0.1564
34 28 0.7161
57 71 0.2963
57 64 0.1962
71 3 0.9503
45 28 0.3483
39 16 0.6549
52 62 0.7594
38 79 0.3287
80 81 0.3995
57 82 0.2459
98 21 0.565
36 57 0.2379
21 59 0.4694
85 25 0.1595
22 10 0.8667
62 44 0.4175
81 32 0.6312
24 63 0.5481
32 38 0.2605
53 77 0.0103
56 21 0.0341
59 11 0.3271
82 55 0.7034
46 62 0.3662
48 91 0.4045
96 43 0.5236
32 54 0.0623
45 57 0.9782
83 50 0.1482
34 13 0.1468
69 91 0.1155
85 77 0.0173
74 89 0.305
5 78 0.0514
79 7 0.9526
97 79 0.6239
91 33 0.0179
46 36 0.3567
3 50 0.0328
72 61 0.2438
92 71 0.6252
26 84 0.5595
31 71 0.8078
59 47 0.9542
68 60 0.047
87 15 0.0658
66 82 0.6624
7 75 0.8985
60 11 0.2454
22 59 0.9466
3 15 0.0156
68 22 0.7591
96 31 0.6372
23 68 0.0496
94 90 0.1753
56 98 0.5612
94 42 0.7691
46 97 0.4974
15 34 0.773
10 81 0.6336
76 19 0.147
73 82 0.3747
68 30 0.1589
83 34 0.3686
74 52 0.3226
79 20 0.1433
11 54 0.5739
88 35 0.5832
97 88 0.6769
76 82 0.5011
76 44 0.7146
47 41 0.6967
22 75 0.4913
96 46 0.5007
20 19 0.3064
44 61 0.0764
41 69 0.3237
7 85 0.2449
7 61 0.3163
42 95 0.4194
93 43 0.1005
58 78 0.9367
7 58 0.6275
42 20 0.215
90 47 0.4113
2 25 0.361
84 49 0.3768
51 41 0.3236
52 94 0.9802
49 55 0.4266
31 22 0.7265
73 54 0.0172
20 99 0.0784
95 6 0.4798
44 47 0.5851
73 87 0.8901
80 76 0.3988
53 99 0.923
40 22 0.0965
67 0 0.5557
36 22 0.3447
73 87 0.5593
87 26 0.5607
87 57 0.9424
82 22 0.1913
87 4 0.3817
9 98 0.5568
51 63 0.7373
14 92 0.7431
58 0 0.167
3 89 0.3563
62 90 0.3065
27 36 0.2578
27 69 0.1424
99 27 0.7563
97 4 0.371
12 45 0.9315
93 15 0.7798
85 56 0.7616
95 0 0.2316
15 61 0.8541
66 0 0.8745
65 11 0.7163
6 59 0.4925
52 43 0.4592
91 21 0.5436
59 50 0.9678
90 56 0.0781
59 72 0.0097
37 90 0.0927
97 5 0.155
79 74 0.9587
90 28 0.2682
84 21 0.2405
65 4 0.5766
85 10 0.3484
9 66 0.3991
12 49 0.1522
51 67 0.4094
95 8 0.2103
16 30 0.0988
54 38 0.266
2 89 0.7879
13 42 0.2954
37 75 0.2632
37 66 0.0122
77 61 0.9546
44 48 0.6237
58 54 0.0339
39 81 0.3018
59 78 0.9722
81 63 0.8439
73 92 0.8561
42 61 0.5837
76 82 0.6645
23 75 0.2994
91 44 0.108
88 53 0.9628
46 10 0.4532
28 71 0.8428
82 9 0.8845
52 57 0.1709
75 77 0.908
64 20 0.842
88 55 0.5707
35 90 0.8969
86 9 0.3323
93 11 0.0868
97 78 0.0653
59 14 0.123
30 90 0.4803
30 0 0.4305
53 11 0.5119
89 49 0.3571
47 55 0.4594
30 9 0.4468
26 21 0.3551
63 8 0.498
11 8 0.4361
94 60 0.9431
33 96 0.5377
59 85 0.0547
71 17 0.7462
45 26 0.4223
72 19 0.228
36 33 0.9438
64 60 0.2882
10 62 0.4284
40 4 0.6064
19 5 0.8584
44 10 0.6883
82 96 0.5227
42 62 0.283
16 40 0.9356
59 53 0.377
96 17 0.2602
69 87 0.8863
43 34 0.0984
12 44 0.3289
23 5 0.0485
89 52 0.9083
49 0 0.3664
73 63 0.8084
87 90 0.8035
98 17 0.9405
55 14 0.6295
55 64 0.6062
88 46 0.6118
67 47 0.8742
25 66 0.7315
2 25 0.9421
14 31 0.9317
60 45 0.0847
98 77 0.4556
48 61 0.7646
26 54 0.8266
36 44 0.8625
52 29 0.4434
60 68 0.7624
21 31 0.337
24 78 0.3244
61 90 0.743
69 30 0.1894
87 30 0.6938
64 48 0.4056
46 91 0.1818
42 10 0.3688
87 71 0.1736
19 75 0.3737
91 48 0.5921
98 87 0.9884
56 92 0.4087
82 38 0.1922
57 69 0.9385
13 23 0.5138
44 45 0.992
99 38 0.4276
39 88 0.6875
83 18 0.243
13 8 0.0116
68 63 0.8268
95 87 0.8988
26 47 0.3715
27 79 0.3277
15 81 0.3386
39 80 0.3633
30 96 0.8237
13 22 0.1742
5 96 0.3944
26 4 0.5374
4 72 0.9633
65 33 0.5307
74 87 0.0369
90 17 0.494
20 63 0.9205
75 3 0.6933
38 61 0.36
62 79 0.4033
3 15 0.7404
7 14 0.8846
43 81 0.2743
81 25 0.4517
29 61 0.2534
41 20 0.9419
1 69 0.1285
97 51 0.3392
59 74 0.7758
46 59 0.4587
92 96 0.8052
48 19 0.9179
82 78 0.0669
71 63 0.9401
24 31 0.8876
14 55 0.2198
35 84 0.0882
96 39 0.0772
77 17 0.9596
33 39 0.8091
24 72 0.4533
58 10 0.4533
91 25 0.6683
53 96 0.9258
44 65 0.3623
35 21 0.2091
90 32 0.8735
1 5 0.7167
3 73 0.4608
59 89 0.3212
80 46 0.0804
60 99 0.1779
60 5 0.318
49 55 0.3715
42 51 0.0231
63 31 0.6137
32 72 0.8143
59 67 0.0606
3 16 0.0152
90 91 0.0871
97 89 0.7919
69 5 0.2045
64 88 0.9679
40 96 0.8274
20 60 0.1132
69 19 0.2609
4 44 0.8681
16 34 0.4674
30 91 0.1027
46 77 0.1657
46 38 0.2991
57 30 0.1621
0 23 0.1989
81 93 0.578
36 51 0.6012
5 70 0.7148
7 51 0.4509
13 6 0.4806
42 77 0.4038
3 68 0.2919
48 77 0.7157
35 69 0.423
45 25 0.8395
33 60 0.3873
65 75 0.0337
23 84 0.4711
52 18 0.2436
67 93 0.7344
30 85 0.8677
32 8 0.8371
15 1 0.351
5 92 0.0778
54 83 0.0139
53 70 0.9183
90 64 0.4749
40 98 0.3364
23 2 0.1665
74 84 0.118
33 37 0.719
56 69 0.6777
99 95 0.819
1 94 0.1622
68 57 0.3599
29 35 0.2646
60 12 0.7242
11 36 0.5229
59 81 0.8158
97 14 0.9514
28 97 0.9219
88 1 0.1238
10 54 0.237
8 5 0.77
94 63 0.566
61 38 0.3526
35 51 0.4435
49 40 0.8327
9 8 0.6537
67 45 0.4984
3 2 0.9245
32 42 0.3691
96 5 0.0136
68 21 0.8186
62 51 0.8551
73 99 0.5519
80 75 0.1058
73 25 0.3706
61 60 0.6309
14 8 0.7584
93 43 0.5296
41 50 0.0337
2 37 0.6242
80 2 0.5245
16 35 0.9066
97 68 0.5811
26 68 0.2488
20 44 0.996
45 84 0.1469
23 85 0.6744
77 93 0.9084
80 40 0.3588
96 33 0.0643
61 85 0.5929
78 84 0.7719
16 8 0.2833
18 70 0.6912
2 28 0.2004
71 92 0.2027
17 56 0.9401
7 36 0.5046
49 15 0.1171
85 9 0.1419
36 25 0.297
80 16 0.86
92 33 0.2228
98 26 0.7895
60 75 0.4114
87 92 0.2302
80 52 0.1649
73 22 0.0683
49 36 0.1616
41 47 0.6969
29 56 0.3789
21 98 0.1129
94 31 0.6987
62 17 0.7955
17 52 0.6432
8 95 0.7565
46 52 0.1926
69 82 0.7491
77 67 0.3772
73 4 0.4071
41 33 0.4594
78 82 0.3662
67 72 0.0836
89 68 0.0873
42 67 0.8259
97 87 0.1356
60 17 0.8606
53 77 0.7481
30 80 0.889
10 6 0.7614
91 19 0.5128
92 87 0.3316
87 23 0.9297
79 67 0.8883
54 87 0.0327
67 28 0.5776
95 91 0.3551
31 98 0.0479
83 72 0.8241
18 44 0.1891
9 42 0.1056
92 78 0.598
40 82 0.8315
98 55 0.9147
77 48 0.175
94 53 0.2333
56 2 0.6326
88 31 0.1371
76 1 0.4166
6 23 0.8354
58 70 0.2581
39 47 0.2703
97 45 0.5176
19 4 0.8362
54 98 0.244
89 90 0.7544
24 91 0.3209
69 28 0.9231
82 81 0.1598
67 52 0.2536
82 11 0.1928
68 49 0.9628
83 77 0.3566
23 87 0.7206
20 47 0.1
91 2 0.4482
37 3 0.3736
32 49 0.7809
80 69 0.19
29 48 0.0393
2 78 0.87
90 11 0.9163
35 1 0.991
57 31 0.029
89 68 0.1202
69 94 0.5204
1 52 0.4668
72 16 0.2405
80 6 0.0175
4 28 0.933
65 47 0.5339
29 3 0.9676
15 42 0.9267
26 58 0.9539
74 61 0.8
76 35 0.3328
66 78 0.0541
22 31 0.8914
99 0 0.5652
13 68 0.5239
2 40 0.3732
81 13 0.2174
95 4 0.193
44 71 0.2943
46 67 0.4356
56 63 0.2611
72 40 0.0364
11 74 0.9676
44 7 0.0802
89 0 0.8494
96 71 0.7723
14 20 0.5475
9 90 0.0162
93 39 0.9105
30 6 0.1267
35 3 0.063
12 80 0.0548
81 42 0.3018
15 13 0.3342
50 75 0.7832
55 65 0.1851
9 88 0.162
43 26 0.4365
82 10 0.4566
5 16 0.867
68 6 0.4442
10 64 0.7824
63 10 0.8777
74 33 0.4487
14 76 0.8367
67 8 0.199
23 55 0.7482
46 3 0.2954
53 16 0.633
77 62 0.9446
65 93 0.4488
6 53 0.7913
72 32 0.2709
66 10 0.7381
26 53 0.1873
34 65 0.2115
31 16 0.2252
51 15 0.1428
90 64 0.978
27 26 0.5484
73 13 0.3968
88 82 0.4604
90 17 0.8343
54 13 0.0224
19 57 0.0573
84 45 0.318
